lower case stemming
bag_of_words: 1500 max_features
test_size: 0.2 | random_state: 0
SVM kernel: sigmoid
[[259 119]
 [175 211]]
Accuracy:  0.6151832460732984
Precision:  0.6393939393939394
Recall:  0.5466321243523317
F1:  0.5893854748603352
